22
11
2
11
1409
196
1409
499
232
20
404
147
1669
506
404
157
869
45
869
45
443
222
1684
668
705
214
720
205
832
210
457
163
886
204
1685
649
457
167
895
207
2
11
895
215
1685
649
2
11
19642
1394
217
1394
217
1398
225
1398
256
1396
242
34092
1887
73
1887
75
9322
32
10577
4952
689
210
210
445
267
466
364
426
364
636
439
751
436
685
436
693
436
840
436
791
400
792
650
340
718
517
562
221
400
745
400
838
541
73
674
108
475
187
400
948
612
214
620
79
571
82
1398
251
258
641
258
485
258
570
257
542
447
89
475
89
469
75
1105
632
1034
598
1148
450
1658
76
1658
83
1658
87
263
676
265
623
266
512
268
662
524
87
507
238
513
73
1399
218
1153
58
263
667
541
75
498
223
492
91
1398
241
1330
80
263
619
503
76
490
74
490
179
265
428
440
72
429
78
432
64
1396
201
449
66
264
1709
65
